-1.7320508075688772 -0.0014406589246547252 -4.817450476826135E-4 -0.0014406589246547252 0.38283564377865487 -8.951875183620395E-4 -0.0014490892796568122 -9.51071964918615E-5 0.0014435088071047542 -0.00218762496138325 -0.0016337232000884772 3.9724992465917097E-4 -7.105535979303745E-4 2.7416064437146836E-4 0.0016896873676803814 -0.0010798214387937044 -0.00218762496138325 5.203392049470956E-4 7.665177655227229E-4 1.108655849234113 -9.422293280758609E-4 -0.0011438447738503221 -0.0018494988340611584 -0.0021519220027228503 -9.422293280758609E-4 -0.001950306556948389 1.0
-1.7300257730426152 -0.0018526911623248932 -0.002585150459057939 -9.909743426388395E-4 1.625309111194868 -0.00208479875730494 -8.339195029227753E-5 -0.0023349746081815503 0.0023349746081815503 -0.002585150459057939 -6.671356023375541E-4 8.339195029227753E-5 -0.0011674873040907752 0.057735026918962706 0.0015449259822388761 -0.001982847644702135 -0.002585150459057939 0.0011147096862704764 0.0010286664270768853 2.54277094333899E-4 -0.001552631348733735 -0.0012945015711527397 -0.001552631348733735 -0.002585150459057939 -0.002154934163089539 -0.004612551797612774 0.0
-1.7241450849943918 -0.0017439093914306536 -0.0017439093914306536 -0.0010463456348583922 0.002208951895811939 -0.002673994400193669 -0.0029065156523844227 5.813031304768845E-4 0.0019764306436216295 -0.004534164417719477 -0.00406912191333797 -8.138243826676383E-4 -0.002673994400193669 0.003604079408956684 0.20300101835904472 -0.003238688869799722 -0.004275069308135704 3.886426643757712E-4 0.0016841182122959708 1.3767583342214151 0.0028870882892768623 -0.004534164417719477 -0.0017511946525958777 -0.012476042021801081 -0.0017799393171180622 -0.003177787840275448 1.0
-1.7247339606560703 -0.002382229227425592 -0.0045942992243206415 -0.0022120699968950497 0.7358132915582987 -0.003627078334989875 -0.002176247000994058 -0.004110688779655369 0.26772234570813835 -0.004315856847089128 -0.0012529906975420335 -4.176635658472705E-4 -0.0012529906975420335 0.0015314330747733251 0.0045942992243204195 -0.0029236449609313375 -0.0045942992243206415 0.31470949686596317 0.06415002990995822 -5.212814522597142E-4 -0.0032366266336336658 -0.0022183721906183784 -0.0015395358952750016 -0.011942103966238182 -0.0036106137857569998 -0.003951468023200455 0.0
-1.7283773169907883 -0.003241315215960716 -0.004429797461813045 -0.0017287014485123375 1.7320508075688772 -0.002274433092015915 -5.501415961783884E-4 -0.003783188150873862 0.0022518320845577033 -0.004429797461813045 -0.0031365788399346783 -0.0020588966550363352 -0.0027055059659752967 0.0031139778324764666 -0.0014122873440971517 -0.003567651713894282 -0.004429797461813045 0.002682904958517085 -0.0020588966550363352 -0.0020588966550363352 -0.00335211527691448 -0.002489969528995717 0.0011741498996593602 -0.004429797461813045 -0.003567651713894282 -0.00811107571165981 0.0
-1.7290686974352336 -0.0016972648101056809 -0.001982785993114078 -6.186292298515639E-4 1.384751157540829 -0.0016535363406360304 -9.693144065796577E-4 -0.0016535363406360304 9.693144065794357E-4 -0.0019956473076641057 -9.122959120750895E-4 1.1403698900958048E-4 -0.001026332901084448 0.0011403698900940284 6.272034395518045E-4 -7.98258923065509E-4 -0.002109684296673464 0.19534407604160253 0.0012490297439442521 0.0017560054481888798 -0.0015393366293987576 -7.788730730322602E-4 -0.0014759646663682346 -0.002109684296673464 -0.0019195684075818953 -0.005096931382662984 0.0
-1.724414219922657 -0.0038182938231101637 -9.091175769309068E-4 -0.0014545881230896285 0.1310282337951334 -0.0024390959381075383 -0.001853712912961658 -0.001853712912961658 0.001853712912961658 -0.003414734313350376 -0.003414734313350376 -4.8781918762141885E-4 -6.829468626701196E-4 0.0012683298878159999 0.0038049896634477776 -0.002634223613156017 -0.008117001695455706 0.002239803717795308 0.6426169350195146 0.6326017671945001 0.0021595415717614586 -0.0025778159915450516 -0.0018489917510364773 -0.003671052352308246 -0.001484579630782079 -0.003306640232053848 1.0
-1.7262974416576702 -0.003164351251163877 -0.002301346364482759 -5.753365911207453E-4 0.7348032396990933 -0.002657146624781115 -0.002861542518995064 8.17583576856018E-4 0.002043958942139268 -0.00367912609585086 -0.003474730201636911 0.001021979471069745 -6.13187682641847E-4 0.002043958942139268 0.002452750730567166 -0.001021979471069745 -0.007990298260608819 0.001834727564267613 0.003678642547484845 0.7079839122068798 -7.415786857742912E-4 -0.0024694537951621687 -0.003621370534754087 -0.0024694537951621687 -0.0018934954253662095 -0.003621370534754087 1.0
-1.7302552006272343 -0.002129673349390293 -0.0012109907280846155 -0.0020461567474534537 1.7320508075688772 -0.0014215273559523567 -0.0020052710079978553 5.798794510603056E-4 8.30055301936472E-4 -0.002589014660043132 -0.0025056227097510764 -0.0017550951571212448 -0.0016717032068289672 -8.72561512772485E-5 4.96487500767806E-4 -0.0020886629582899108 -0.002422230759458799 0.0014971909042746923 0.002581286258072968 0.0021643265066120243 -0.0010879595547836907 2.4631164989163956E-4 -7.543917536148026E-4 -0.002589014660043132 -0.0020886629582899108 -0.004386482244587597 1.0
-1.7306633680357033 -0.0017701814733599441 -0.0019137097009296333 -9.568548504648167E-4 1.613573039984324 -0.0013615481666320317 -4.384646638306844E-4 -0.001638473217472347 0.06336771247203221 -0.0018181865781314865 -1.9337343782299676E-4 -5.0007572501620245E-5 -9.579913862034495E-4 0.0018137486766756084 2.367241581406887E-4 -0.0010535686297510338 -0.001961552443452863 4.5569671046186144E-5 0.0015270169460328553 2.845127799147029E-4 -0.0011491458732986182 -9.102027644296573E-4 -0.0010057800079772417 -0.001961552443452863 -0.0017226093345839022 -0.003350103000966387 0.0
-1.7288698143502015 -0.00248117471056708 -0.0028628938968080497 -2.544794574941278E-4 0.6701373944605331 -0.0027748048538294157 -0.001101113037233814 -0.0024224486819144353 0.0028628938968080497 -0.0028628938968080497 -0.0018939144240421868 -5.725787793615655E-4 -0.0015415582521274285 0.7698003589195008 0.00196423706671367 8.209692069320873E-4 -0.0028628938968080497 0.0027264156399011696 8.209692069320873E-4 4.398799203380044E-4 -0.0018466557992244947 -8.304177016411618E-4 -0.0017196260370266891 -0.006049730233078865 -0.0016007804963049654 -0.002746148407261506 0.0
-1.7297464342157982 -0.001759703287805836 -0.0023462710504078554 -9.217493412316813E-4 1.7320508075688772 -0.0025138618397226864 -0.001091404654762762 -0.001175078606819202 0.002506575283665491 -0.0021791660314967043 -6.730348944803399E-4 -2.546651341979178E-4 -0.0018444702232709442 0.002339227379552611 -2.546651341979178E-4 -0.001342426510932082 -0.0025138618397226864 0.0021718794754395088 -1.709911821414778E-4 0.002339227379552611 -0.0010077307027061 -0.001342426510932082 -6.730348944803399E-4 -0.0025138618397226864 -0.0020954920794402643 -0.0048213006308091 0.0
-1.7285548427313633 -0.0035459071923356067 -0.003945446030908517 -6.492506126811737E-4 1.0108232731187838 -0.002998538983490562 -0.0018938140948361326 -0.0033141746659632876 0.0031563568247270357 -0.003945446030908517 -9.469070474179553E-4 -0.001262542729890681 -0.0022094497773088584 0.46041856910058776 0.001236754313946431 -0.003148184439392354 -0.003945446030908517 0.001236754313946431 0.0010374389160676678 2.4017732455150487E-4 -0.0027495536436343837 -0.002350922847876191 -0.003148184439392354 -0.003945446030908517 -0.0033474998372715614 -0.007448465280028627 0.0
-1.7278484660373425 -0.002744386306308355 -4.288103603606874E-4 -0.0016294793693705234 0.459702761479722 -0.001895793172120852 -0.002004124210527758 -0.001895793172120852 8.124827880520158E-4 -0.0030874345945970383 -0.0029791035561899104 -5.958207112379821E-4 -0.0010291448648656054 0.002004124210527536 0.46579096583819 -3.430482882884611E-4 -0.002812995963966003 0.0030874345945972603 0.001166364180180901 0.4330127018922192 -6.903694200255384E-4 -0.0018889020073111773 -0.0029162156535560424 -0.0029162156535560424 -0.0018889020073111773 -0.007299978511061678 1.0
-1.7288610270761169 -0.0024392439062284055 -0.0010319878064812826 -0.0014072560997471228 0.5371099614348025 -0.0017175741114863197 -0.002330993437017259 -0.001594890246380265 0.0018402579765925964 -0.003189780492760308 -0.0020856257068049278 0.0 -0.0022083095719109824 0.002330993437017481 0.002453677302123314 -0.001226838651061657 -0.003189780492760308 0.0017175741114863197 0.0013495225161679336 0.916968074595288 -0.0011295989526156625 -0.002066045107226966 -3.8044202892684176E-4 -0.0028152020309157866 -0.0022533343381492266 -0.006385435351069058 1.0
-1.7320508075688772 -0.0019590938261095925 -1.7421754554480806E-4 -0.0010666556858272003 0.0022971496121599877 -8.607084226850414E-4 3.0632606845348853E-4 -0.001272602948969359 0.002022553261304294 -0.0021650410892517513 -0.0020963920015377724 -1.7421754554480806E-4 3.749751561672454E-4 0.0017479569104479342 0.14233466858953303 -1.5118846797390617E-4 -0.0020801821068674453 0.2972297454630688 0.0018631060568241598 1.0073910376595587 9.832765951862665E-4 -0.0012105845814547322 -0.0018961661991552248 -0.00203328252269519 -0.0016219335520750722 -0.0021703988462353774 1.0
-1.7286264701979044 -0.0029002040999055456 -0.0032496262806169796 -6.639021433518799E-4 1.5614785872883261 -0.002586437243756512 -7.295079405467142E-4 -0.002586437243756512 0.09312101115961702 -0.0032496262806169796 -4.0962225678953246E-5 -5.989907569725617E-4 -7.384978897959638E-4 0.001493616235378692 7.960805712616814E-4 -0.002412583483676567 -0.0032496262806169796 0.003167701829259517 0.001493616235378692 -5.989907569725617E-4 -0.0015755406867363764 -0.0014360335539129743 -0.00115701928826617 -0.0032496262806169796 -0.0028311048821467732 -0.006680734393708088 0.0
-1.731026228564104 -0.0017367863617494539 -0.0019866836799868892 -9.121252115662504E-4 1.6726328441127172 -0.0015700865653156537 -5.397172568271102E-4 -0.0017663473859799161 0.03227423865035162 -0.001762065997654716 -2.145000298883204E-4 8.502886709860213E-5 -0.001113086720849532 0.001133380006553164 0.001133380006553164 -0.001113086720849532 -0.0020116734118105217 3.8455776408596876E-4 0.0016825163176958924 8.502886709860213E-5 -7.636363410312708E-4 -8.634793066937263E-4 -0.0010631652380181933 -0.0020116734118105217 -0.001961751928979405 -0.0030368581518278592 0.0
-1.7296451814472538 -0.002130697422009442 -0.0030929478706587243 -0.0011684469733599379 1.159855451497016 -0.002749286996140965 -0.0011455362483920872 -0.0019474116222666371 0.0029783942458196933 -0.002634733371301934 -3.4366087451753735E-4 -4.582144993567905E-4 -0.0021765188719449213 0.34641016151377535 0.0030819213185353522 0.0012980702194347327 -0.0030929478706587243 7.49192958173106E-4 0.0017097281653810636 -3.485615643503692E-4 -0.0014463160868736225 -0.0011718774562428091 -0.001995193348135249 -0.0030929478706587243 -0.0026812899247123934 -0.005501913814347059 0.0
-1.7277684453592166 -0.0030745164582177686 -8.784332737765688E-4 -0.0018666707067751531 0.5141159916140943 -0.001776243752121598 -0.0019183432522913435 -2.131492502546184E-4 0.1121031838057791 -0.0033215758164675258 -0.0031705950975371433 -0.0010568650325124551 -0.0015098071893033804 0.002415691502885675 -1.5098071893038245E-4 -0.003019614378606761 -0.006578843931826839 -9.135964917592609E-4 0.0015062081728207666 0.7892341282616351 -0.002323310606370921 -0.002982386256130898 -0.002323310606370921 -0.002982386256130898 -0.0025430024896242465 -0.003421770022637327 1.0
-1.7276042863171903 -0.0024412273538674256 -8.718669120955092E-4 -0.001046240294514611 0.38841670933853534 -0.0010656151147834247 -0.001598422672175026 1.0656151147836468E-4 0.0021312302295664054 -0.005603270012469741 -0.0026727447262455684 -4.3143672125767196E-4 -3.2470776863902095E-4 0.22012659127565315 0.16090214654415647 -7.917443315101913E-4 -0.0027572292287021405 5.185789332846635E-4 0.00287716080991518 0.5788263941658127 9.47746744015765E-4 -0.0020192891012755787 -0.002193820621586795 -0.0020192891012755787 -7.975684590968424E-4 -0.0025428836622092277 1.0
-1.726484069436195 -0.0013916845331705119 -0.0019881207616723184 -0.0021869328378394393 0.7199336122855562 -0.002526082850124789 -0.0011227034889442766 -8.42027616708263E-4 0.0019647311056525396 -0.004771489828013342 -0.002526082850124789 -0.003368110466833052 -0.0014033793611805123 8.42027616708485E-4 0.4550587521160967 -0.002297383991265667 -0.004418046137049547 0.07157234742020124 0.001835188395389764 0.14433756729740632 0.0011764868463304268 -0.003978426271434188 -0.0035818944931447216 -0.004771489828013342 -0.002392299158275879 -0.01035612744022174 1.0
